mad-0
<area shape="poly" coords="431,322,430,326,426,330,422,332,422,334,418,333,416,334,414,334,414,335,414,341,413,341,418,343,418,344,418,347,417,348,416,347,401,346,402,347,402,350,402,351,411,352,413,353,413,355,415,358,416,362,416,364,417,365,419,365,420,366,421,364,423,364,424,363,424,360,425,358,428,356,429,354,430,353,431,351,442,352,442,350,444,348,431,348,430,347,429,343,431,342,433,341,432,340,432,337,433,337,434,327,431,324,431,322" href="#" alt="" >
naf-1
<area shape="poly" coords="282,179,281,181,280,183,275,189,276,192,275,192,275,194,274,195,273,197,270,199,270,201,268,202,269,204,267,204,266,206,265,207,265,212,262,214,263,214,263,216,261,218,261,220,260,222,259,225,261,227,262,229,263,233,263,239,265,239,265,240,263,241,262,243,262,245,264,247,265,249,265,250,266,254,267,256,268,260,269,264,270,264,271,265,278,272,279,272,280,273,282,273,286,274,287,277,291,277,292,277,294,277,294,276,299,276,301,275,302,275,302,275,304,273,308,273,310,271,312,271,314,271,315,270,315,272,321,272,321,272,324,275,325,277,326,279,327,278,329,277,331,276,331,276,334,276,334,276,339,277,339,278,340,275,342,274,342,275,344,272,345,271,346,269,349,266,349,264,349,264,349,262,351,262,350,257,352,256,354,256,355,253,357,254,357,252,357,252,358,248,359,241,358,239,357,236,354,235,354,232,354,232,351,231,348,230,346,227,345,227,343,226,342,225,340,223,339,223,337,221,335,221,333,220,332,219,329,216,328,217,324,213,327,211,327,208,323,206,324,201,325,201,324,199,325,199,326,197,328,196,328,194,326,195,325,193,326,192,325,189,323,185,322,185,323,182,323,182,324,180,325,176,323,176,321,178,318,178,317,179,311,179,310,178,307,177,305,179,304,180,303,181,302,181,301,180,298,180,298,180,295,181,293,183,286,182,284,179,282,179" href="#" alt="" >
congo-2
<area shape="poly" coords="353,257,352,263,350,265,349,268,347,269,347,272,347,272,343,275,341,276,340,279,339,280,339,279,333,278,332,278,329,278,327,279,326,280,326,282,328,282,327,292,325,294,324,293,324,297,325,299,326,301,329,302,330,303,332,306,332,308,334,310,337,309,344,308,344,306,346,307,347,308,366,307,367,307,370,306,375,305,377,305,378,303,380,302,380,302,383,300,383,298,385,296,386,294,386,291,387,287,389,285,390,283,390,281,389,279,383,274,383,272,380,271,380,260,378,259,375,258,354,259,353,257,353,257" href="#" alt="" >
egy-3
<area shape="poly" coords="326,176,326,181,324,182,324,185,326,189,327,191,328,192,327,192,329,194,329,195,329,196,328,197,328,197,326,199,325,202,326,206,328,208,329,211,326,212,329,215,330,215,332,218,334,218,335,220,338,220,339,222,340,222,342,223,343,223,345,226,347,226,349,229,352,229,354,230,357,229,357,229,361,229,363,225,364,226,367,224,368,222,371,218,372,219,377,215,378,215,379,214,383,210,383,210,386,209,390,208,393,208,393,206,391,205,391,203,390,201,388,199,388,198,387,197,385,196,384,193,384,192,381,192,377,191,377,192,371,192,371,192,364,191,362,190,359,189,357,188,355,186,354,187,352,187,351,188,350,194,350,194,346,194,344,192,342,191,339,188,334,187,332,186,333,184,334,184,334,182,333,180,332,179,334,178,333,176,330,176,326,176" href="#" alt="" >
saf-4
<area shape="poly" coords="335,310,335,312,336,313,337,314,338,317,338,319,340,321,341,325,341,325,341,327,341,329,339,329,339,333,337,333,336,335,336,338,336,342,337,346,337,350,338,351,339,352,341,360,342,361,343,362,344,366,344,369,346,370,347,373,348,375,350,377,351,383,353,386,353,386,354,389,353,389,353,391,354,393,356,393,360,394,363,392,363,392,366,391,367,392,371,392,375,392,377,391,383,384,384,378,387,376,391,375,393,373,393,364,396,362,395,361,399,358,398,351,397,349,396,347,396,346,396,346,398,342,402,342,402,341,405,337,406,337,408,336,407,333,409,333,411,332,412,331,411,326,410,322,409,318,407,317,406,312,404,309,403,310,397,310,395,309,388,308,387,306,382,306,381,305,381,304,379,305,378,305,377,306,375,307,370,308,366,309,366,310,346,309,345,308,344,308,337,309,335,310" href="#" alt="" >
eaf-5
<area shape="poly" coords="355,231,357,232,356,235,358,236,358,238,359,238,360,241,360,242,360,250,359,253,358,254,355,255,354,256,376,257,378,258,381,259,382,271,384,271,385,274,390,279,391,281,391,281,392,283,391,284,389,288,387,293,386,295,385,298,384,299,384,302,381,303,382,304,382,304,387,305,389,307,396,307,397,308,402,309,404,307,404,303,406,302,407,300,410,296,410,294,413,291,415,292,419,287,420,285,426,279,428,275,430,274,432,273,432,271,433,269,436,265,436,262,438,261,439,257,439,256,439,254,438,252,437,253,435,254,430,256,424,257,424,256,422,257,421,257,421,256,417,254,415,254,416,252,418,251,416,249,413,247,412,246,411,245,410,244,410,241,404,236,404,235,404,234,402,232,401,227,401,226,399,223,399,222,397,219,395,217,394,215,393,214,394,214,394,212,393,210,392,210,390,209,386,211,384,212,383,212,380,215,378,215,376,217,373,219,371,221,369,223,367,225,365,227,363,227,362,229,357,230,355,231" href="#" alt="" >
Afg-6
<area shape="poly" coords="454,87,453,93,452,106,450,108,450,111,447,111,446,113,445,115,444,115,442,116,440,117,439,121,441,121,443,122,443,125,444,129,445,130,443,132,441,130,440,131,440,137,441,139,442,137,444,135,444,136,445,139,447,139,446,142,446,142,446,144,447,145,447,147,446,149,447,150,448,152,449,152,448,155,444,160,449,160,450,161,452,162,454,163,455,164,462,165,463,167,468,174,468,175,474,179,473,180,477,185,479,185,482,186,493,187,497,188,498,167,501,164,501,158,503,156,503,152,508,148,508,148,510,146,511,146,512,142,514,140,513,139,511,138,510,137,511,134,509,133,506,132,505,131,506,128,504,127,504,125,504,123,502,123,501,120,501,120,498,119,497,118,497,116,493,113,492,113,490,110,489,109,486,109,484,107,483,107,480,105,478,105,477,104,475,103,473,101,472,99,469,99,468,98,466,96,465,96,463,94,459,91,458,91,456,89,454,87" href="#" alt="" >
ura-7
<area shape="poly" coords="452,18,450,20,450,44,450,48,452,52,453,56,454,58,454,87,456,87,458,89,460,90,463,94,466,94,468,96,469,96,470,97,472,98,474,100,474,101,475,101,478,103,478,103,479,104,481,103,482,105,485,107,487,108,491,109,491,111,493,112,494,113,497,116,499,118,502,119,503,119,503,122,504,122,506,125,507,128,507,132,510,132,512,134,512,137,515,138,516,139,517,136,517,134,519,134,521,132,522,132,527,131,527,129,526,129,523,127,523,123,522,120,520,118,519,117,518,115,518,109,517,107,516,101,514,100,513,97,513,91,511,89,510,88,509,82,508,78,508,75,507,72,503,69,502,68,503,56,503,56,504,47,505,46,506,22,508,20,502,18,500,18,497,17,496,15,494,14,488,14,487,16,487,23,486,24,484,24,482,25,480,22,480,20,479,15,475,15,473,17,473,19,472,19,472,21,469,24,470,29,470,29,470,32,469,34,463,33,463,33,461,32,454,25,453,23,453,22,453,20,452,19,452,18" href="#" alt="" >
sib-8
<area shape="poly" coords="509,19,508,21,508,23,508,45,506,48,504,56,505,68,508,72,509,74,510,78,511,82,511,88,512,88,514,91,514,96,516,100,516,101,517,107,519,109,519,114,520,116,521,119,522,119,523,123,524,127,525,128,527,129,531,129,531,128,540,128,542,127,550,125,550,124,548,115,547,114,548,110,549,108,551,104,551,100,553,98,553,96,555,93,556,90,558,89,559,84,562,80,564,77,564,75,565,75,565,73,564,73,564,71,562,69,562,65,560,64,559,62,557,61,556,57,554,54,552,51,551,50,552,37,550,32,549,31,549,26,547,24,546,20,545,18,544,15,544,13,543,12,540,12,539,14,537,15,536,15,536,16,536,18,533,20,531,21,531,22,528,23,527,24,527,25,522,25,522,24,520,24,518,22,516,21,516,21,514,20,509,19" href="#" alt="" >
mon-9
<area shape="poly" coords="540,128,542,131,544,134,549,135,550,137,553,137,554,139,555,139,556,140,565,142,570,142,586,143,586,146,590,145,591,145,592,143,589,141,590,140,592,139,601,138,601,141,598,143,598,145,603,145,605,157,603,158,601,159,601,164,602,166,604,166,606,164,606,161,607,161,610,158,613,157,617,153,617,152,613,152,612,150,611,150,612,147,613,144,612,142,611,141,610,140,613,137,614,134,614,131,616,128,615,128,616,126,613,124,612,122,609,119,608,117,607,115,607,111,606,109,605,108,604,105,598,105,594,107,591,107,589,109,585,110,585,113,580,113,576,117,572,119,571,119,571,121,567,122,565,124,558,125,555,126,543,127,540,128" href="#" alt="" >
sia-10
<area shape="poly" coords="527,204,529,204,527,207,524,207,523,210,522,212,524,213,526,215,527,216,527,216,526,218,526,219,527,222,528,224,530,226,533,222,534,223,534,224,536,232,537,233,538,234,538,235,539,240,535,243,535,245,538,248,540,249,542,250,543,252,547,255,547,259,549,260,549,262,551,264,553,265,555,264,556,259,554,256,553,254,552,253,547,246,545,243,544,243,544,242,546,240,546,237,547,236,551,237,553,238,554,239,555,243,556,245,558,247,561,247,564,245,564,245,562,243,564,242,563,242,562,241,563,240,564,237,565,235,566,233,568,229,571,228,571,228,571,226,571,223,568,221,568,219,565,217,564,214,564,212,563,212,561,211,563,207,560,205,560,203,558,203,556,202,554,201,552,200,535,200,532,202,531,203,527,204" href="#" alt="" >
ind-11
<area shape="poly" coords="467,173,463,175,459,176,454,176,453,179,453,180,450,182,450,184,447,187,450,191,450,192,452,193,453,192,454,191,466,203,466,204,468,205,471,207,470,209,472,210,474,214,477,211,479,213,478,214,479,219,479,222,480,223,479,223,480,230,481,236,481,238,484,239,485,243,485,245,487,245,487,248,489,249,489,250,488,252,490,253,489,254,492,256,492,254,496,250,497,248,499,247,500,245,500,240,503,238,503,236,503,233,503,233,503,231,506,229,507,226,508,226,509,224,511,224,512,222,512,221,516,220,517,219,519,217,519,211,520,212,521,209,522,208,523,206,526,205,527,205,526,204,523,203,522,201,518,200,517,199,515,198,509,197,504,196,501,195,499,194,498,191,497,189,492,188,481,188,478,187,476,185,472,181,472,179,466,174,467,173" href="#" alt="" >
mid-12
<area shape="poly" coords="398,150,395,150,395,152,391,153,388,155,385,155,383,158,382,158,381,159,383,161,382,163,384,165,385,166,386,167,391,168,392,169,393,168,395,168,398,166,399,165,400,167,403,167,404,169,402,172,403,172,398,176,397,180,396,182,396,185,395,187,392,189,390,189,387,190,385,192,386,193,386,195,387,196,389,197,391,199,391,201,391,202,397,202,397,202,399,201,402,204,402,206,403,208,404,209,405,210,407,210,411,214,412,217,412,224,413,226,414,229,416,229,418,230,419,231,421,234,421,245,422,245,423,246,426,243,428,242,431,241,434,240,435,238,438,238,442,233,444,233,446,232,447,230,450,228,451,225,451,217,455,213,455,202,453,200,450,200,449,198,446,198,443,194,441,193,436,189,438,188,437,187,436,185,435,185,437,183,441,183,444,186,444,187,446,186,448,184,449,182,451,179,452,178,453,176,454,175,458,174,461,173,465,173,461,167,460,166,455,166,453,164,452,164,451,163,450,163,448,161,444,161,444,160,443,162,442,161,440,160,437,157,437,154,436,155,435,152,434,150,436,150,435,147,435,145,432,142,432,144,431,146,430,147,427,146,425,150,422,150,422,148,421,149,419,150,415,150,413,152,411,153,410,154,407,154,405,151,404,151,403,149,398,150" href="#" alt="" >
irk-13
<area shape="poly" coords="557,55,557,57,558,60,560,62,561,63,562,65,564,68,565,69,566,73,566,73,566,75,565,76,565,78,563,80,562,82,560,85,559,89,558,91,556,95,555,96,553,99,553,100,551,106,551,108,549,111,549,115,551,116,551,123,551,126,554,126,556,125,558,124,563,122,567,122,570,121,570,119,572,116,575,116,581,111,584,112,585,109,588,109,590,106,594,105,598,105,604,104,604,103,603,99,601,98,601,90,602,90,602,80,601,75,601,72,600,74,585,59,583,58,582,57,580,56,571,55,557,55" href="#" alt="" >
kam-14
<area shape="poly" coords="628,14,630,14,630,13,631,13,631,14,633,14,633,15,634,15,634,16,635,16,635,17,636,17,636,18,637,18,637,19,638,19,638,21,640,21,640,22,641,22,641,23,647,23,647,22,648,22,648,21,649,21,649,18,648,18,648,16,647,16,647,14,649,14,649,15,652,15,652,16,655,16,655,17,658,17,658,18,659,18,659,19,660,19,660,20,661,20,661,21,662,21,662,22,663,22,663,23,664,23,664,25,665,25,665,27,666,27,666,31,667,31,667,33,665,33,665,32,664,32,664,31,662,31,662,30,659,30,659,31,658,31,658,33,657,33,657,34,656,34,656,42,655,42,655,43,654,43,654,44,652,44,652,45,649,45,649,49,648,49,648,51,645,51,645,53,644,53,644,54,643,54,643,55,641,55,641,56,640,56,640,57,639,57,639,58,638,58,638,59,637,59,637,60,636,60,636,61,635,61,635,64,634,64,634,67,633,67,633,69,631,69,631,68,630,68,630,66,629,66,629,65,630,65,630,61,631,61,631,58,630,58,630,57,631,57,631,55,632,55,632,51,633,51,633,50,634,50,634,49,635,49,635,48,636,48,636,47,637,47,637,46,640,46,640,45,643,45,643,44,648,44,648,41,649,41,649,36,645,36,645,37,644,37,644,38,641,38,641,37,637,37,637,38,636,38,636,39,635,39,635,40,633,40,633,42,632,42,632,43,629,43,629,42,624,42,624,43,622,43,622,44,621,44,621,45,620,45,620,46,619,46,619,47,617,47,617,48,616,48,616,49,613,49,613,50,610,50,610,51,609,51,609,54,608,54,608,55,607,55,607,63,611,63,611,64,615,64,615,63,618,63,618,64,620,64,620,65,621,65,621,66,622,66,622,76,617,76,617,82,618,82,618,83,619,83,619,84,620,84,620,87,621,87,621,88,623,88,623,89,624,89,624,90,625,90,625,91,626,91,626,94,625,94,625,95,624,95,624,96,623,96,623,97,622,97,622,99,621,99,621,102,620,102,620,107,625,107,625,106,630,106,630,108,631,108,631,112,630,112,630,115,629,115,629,116,628,116,628,119,627,119,627,120,625,120,625,121,624,121,624,122,622,122,622,123,621,123,621,124,620,124,620,125,618,125,618,126,616,126,616,125,615,125,615,124,614,124,614,122,613,122,613,121,612,121,612,120,611,120,611,119,610,119,610,117,609,117,609,115,608,115,608,111,607,111,607,109,606,109,606,108,605,108,605,102,604,102,604,99,603,99,603,90,604,90,604,80,603,80,603,75,602,75,602,72,601,72,601,63,600,63,600,59,601,59,601,55,602,55,602,53,603,53,603,49,604,49,604,47,605,47,605,40,606,40,606,35,607,35,607,33,608,33,608,30,609,30,609,27,610,27,610,26,614,26,614,25,616,25,616,24,619,24,619,23,621,23,621,22,623,22,623,21,625,21,625,20,626,20,626,18,627,18,627,17,628,17,628,14" href="#" >
jap-15
<area shape="poly" coords="652,112,651,114,650,119,647,122,646,125,647,127,647,128,647,131,644,131,646,134,646,136,647,137,648,138,646,139,646,142,641,143,637,144,638,140,635,141,636,144,636,149,634,149,636,151,634,154,634,156,633,158,625,159,623,159,621,162,619,164,616,167,615,168,613,169,612,171,612,174,613,175,614,175,616,173,620,176,620,177,619,180,619,184,620,181,620,180,622,183,623,182,622,180,622,180,623,175,622,172,619,171,619,170,620,168,622,168,624,167,626,165,626,165,628,166,630,166,631,167,629,169,627,170,626,172,626,173,628,174,629,176,631,174,630,173,631,172,634,171,636,169,636,162,637,162,638,161,641,160,640,163,642,162,642,160,654,160,653,158,651,157,653,156,654,156,655,154,656,150,655,148,655,147,655,142,656,141,654,139,655,136,653,133,650,133,650,132,649,130,651,130,651,128,653,123,653,122,654,120,657,122,660,123,661,125,665,125,666,122,667,121,669,121,669,118,666,118,665,120,663,120,662,119,659,118,655,114,655,114,654,112,652,112" href="#" alt="" >
yak-16
<area shape="poly" coords="544,11,545,13,545,15,547,17,547,20,549,24,550,25,550,30,551,32,553,37,554,51,555,53,556,55,556,54,572,54,581,55,583,57,584,58,587,58,599,72,600,63,598,62,599,59,600,55,601,53,602,49,604,47,605,39,606,35,607,33,607,29,608,27,610,25,613,24,616,24,618,22,621,22,622,21,625,19,626,18,626,17,627,15,623,14,620,14,618,13,616,11,615,11,612,10,611,9,601,7,600,6,598,5,590,6,588,6,586,6,585,5,582,6,581,6,581,7,578,8,577,8,576,10,574,10,573,11,571,12,562,14,560,12,559,11,558,11,557,10,556,9,553,7,551,6,549,6,547,7,546,8,544,10,544,11" href="#" alt="" >
chi-17
<area shape="poly" coords="512,143,512,146,510,147,510,149,508,150,507,150,504,153,503,157,503,159,502,165,501,166,500,169,500,191,500,193,501,193,502,195,506,195,509,196,516,197,518,198,519,199,524,200,524,202,527,202,529,202,530,201,534,200,535,198,553,199,557,200,558,202,561,202,561,204,563,207,565,207,566,206,567,206,569,207,571,205,574,207,575,207,575,205,576,203,578,205,579,205,582,205,583,202,588,202,591,198,593,196,591,195,593,192,593,188,598,183,600,179,599,176,597,175,596,175,597,174,594,172,596,170,593,168,596,165,596,165,595,164,594,163,592,162,591,160,591,159,592,159,594,158,596,157,595,156,591,155,589,151,588,150,587,150,588,147,586,147,585,146,585,145,568,143,563,142,555,142,554,140,552,139,552,138,550,137,549,136,543,135,539,131,539,129,531,129,529,130,527,131,523,132,522,133,519,134,518,136,518,138,515,140,514,140,512,143" href="#" alt="" >
ngu-18
<area shape="poly" coords="617,288,616,292,619,293,620,293,624,292,626,290,627,291,626,294,628,293,629,291,631,293,635,294,636,296,641,296,642,299,642,300,645,301,651,302,651,301,652,298,654,298,657,300,659,302,662,302,659,299,657,299,657,297,657,294,668,294,668,291,668,290,656,289,647,288,647,281,658,280,657,277,653,276,651,273,636,273,636,281,645,280,647,287,636,287,633,288,628,287,626,286,623,289,621,289,618,289,618,288,617,288" href="#" alt="" >
ind-19
<area shape="poly" coords="545,277,544,278,544,281,545,283,544,283,544,285,546,287,544,290,545,290,545,291,546,292,545,293,547,294,545,295,545,297,547,298,547,301,549,303,551,305,553,306,554,306,555,308,557,309,561,309,565,309,578,309,579,307,577,307,575,306,569,305,568,303,565,303,562,301,561,301,558,298,559,295,560,294,572,294,573,295,575,296,577,296,579,295,580,293,583,294,584,295,585,296,588,296,590,296,588,295,590,293,593,294,594,295,594,298,594,299,596,299,597,298,597,295,595,293,595,291,596,290,590,289,589,288,590,287,593,286,596,286,597,286,597,285,598,282,598,279,598,278,601,278,602,276,602,275,594,268,594,266,592,263,594,261,592,259,592,255,590,256,590,258,589,259,591,263,589,264,591,265,591,263,593,266,592,267,590,268,590,271,595,279,597,279,597,282,596,283,595,284,594,283,590,286,587,286,585,287,584,289,581,288,578,286,579,286,581,283,585,279,584,277,584,275,583,274,578,274,577,277,576,278,569,278,569,276,570,275,566,275,567,276,567,281,566,283,568,284,569,284,568,289,567,289,566,289,564,288,564,291,561,291,558,290,557,287,554,283,553,282,552,280,549,280,548,277,546,276,545,277" href="#" alt="" >
wau-20
<area shape="poly" coords="600,322,599,324,598,326,597,327,597,330,594,330,590,331,589,333,588,335,587,336,585,337,582,338,581,339,577,340,576,341,571,345,571,346,570,348,570,354,571,355,571,361,568,363,568,365,568,366,568,367,569,369,570,370,569,372,568,373,568,374,569,376,571,377,570,383,570,384,570,387,571,389,572,393,574,394,579,393,581,392,584,390,591,390,593,389,593,388,594,385,597,384,609,383,614,383,615,381,615,343,629,343,628,330,627,329,628,328,629,327,629,323,630,322,631,321,631,319,629,318,627,320,624,317,619,316,617,316,616,314,614,314,611,316,611,318,610,319,609,322,607,328,607,331,605,331,603,328,602,324,602,322,600,322" href="#" alt="" >
eau-21
<area shape="poly" coords="630,331,630,344,616,344,616,383,617,384,618,387,619,388,620,390,624,390,625,391,624,392,624,394,631,401,633,401,636,403,638,404,644,405,645,406,648,405,649,404,651,403,655,402,654,399,654,398,657,396,658,393,660,393,661,392,662,388,663,384,665,384,666,381,667,380,667,376,665,376,666,375,668,374,669,371,670,370,671,367,672,366,672,364,670,363,669,358,668,357,669,355,669,355,670,353,666,353,662,352,661,350,660,346,660,342,659,341,657,339,657,340,654,338,653,335,652,333,651,330,650,327,650,327,649,325,648,322,647,322,645,323,644,329,644,336,642,337,640,334,635,334,631,331,630,331" href="#" alt="" >
ukr-22
<area shape="poly" coords="393,36,391,38,391,39,394,40,391,43,391,42,389,43,391,45,392,47,388,49,389,51,380,60,380,61,379,62,379,63,376,65,374,65,373,66,369,67,366,68,369,71,370,71,374,75,375,76,376,78,375,79,379,83,378,84,380,86,380,90,381,92,383,95,384,97,386,100,388,100,389,101,390,101,392,102,395,105,395,106,397,108,397,110,401,113,402,125,399,128,399,130,400,130,399,133,400,134,402,135,402,134,403,132,405,132,403,130,402,129,401,129,403,127,404,126,405,126,406,126,409,125,410,125,412,123,414,124,414,125,413,126,412,128,412,132,409,132,410,133,410,134,411,135,411,136,416,140,418,141,419,142,421,146,422,147,424,148,427,145,430,145,431,143,432,141,430,140,430,139,429,138,429,137,427,135,427,135,426,133,427,132,428,130,429,126,431,125,433,123,434,121,437,120,439,120,440,116,442,115,443,115,446,113,447,110,449,110,449,107,450,105,451,93,452,86,453,58,451,56,451,51,447,49,448,44,449,20,444,24,437,23,435,26,434,28,433,28,434,31,431,34,428,32,428,31,427,31,424,33,422,33,418,34,417,35,415,36,413,37,411,36,412,34,413,34,413,32,410,35,409,34,407,35,405,37,403,38,402,38,403,40,401,41,400,41,398,42,394,37,393,36" href="#" alt="" >
gbr-23
<area shape="poly" coords="273,77,271,79,271,84,272,84,272,89,269,92,267,91,266,91,261,90,260,95,261,96,261,97,263,97,265,100,265,104,264,105,265,107,265,105,267,105,268,105,269,105,271,107,273,107,273,108,278,108,278,107,285,106,284,105,285,105,286,103,293,103,293,101,292,100,291,98,291,97,290,96,289,95,289,95,289,93,290,92,289,91,285,91,285,90,286,90,286,88,286,88,286,86,287,86,288,84,288,84,287,82,288,82,288,80,286,79,287,78,288,78,290,76,289,76,288,74,287,74,286,73,286,72,288,70,290,70,290,70,291,68,288,68,287,69,286,70,286,70,285,70,280,69,279,71,279,73,279,74,276,76,273,77" href="#" alt="" >
ice-24
<area shape="poly" coords="242,58,241,59,241,65,238,66,239,67,239,71,239,72,248,72,249,73,250,74,252,74,255,75,257,73,260,73,262,72,265,71,263,71,264,66,261,66,259,65,259,64,257,62,256,58,255,57,248,57,247,57,247,55,248,54,244,54,245,56,245,56,245,58,242,58" href="#" alt="" >
sca-25
<area shape="poly" coords="341,42,341,44,338,46,338,47,337,48,338,48,333,54,331,54,328,58,327,57,325,59,325,58,324,59,323,63,322,63,322,69,326,73,325,75,328,75,331,71,334,72,336,74,336,75,337,77,337,78,342,79,342,80,344,80,348,75,348,74,349,73,349,72,349,71,349,69,348,69,349,63,349,63,350,60,348,59,351,57,355,57,356,58,355,61,356,62,356,64,358,66,362,66,364,63,367,63,368,61,369,62,369,61,372,63,371,64,372,65,374,65,375,63,377,64,376,63,378,62,377,60,386,52,386,50,387,48,387,47,386,47,385,46,385,47,386,49,385,49,384,51,381,50,379,49,379,47,380,47,380,45,377,43,376,44,372,41,371,40,373,40,374,38,376,39,376,40,383,40,384,40,385,40,387,40,386,39,386,38,384,36,384,35,384,34,382,34,382,33,381,33,379,32,378,32,377,31,375,31,376,29,370,29,370,29,365,28,363,27,361,27,360,28,355,28,354,30,353,31,350,32,348,32,346,36,345,35,345,36,341,40,341,41,341,42" href="#" alt="" >
weu-26
<area shape="poly" coords="270,131,269,133,269,135,270,137,269,139,269,139,269,143,268,144,267,147,266,148,267,150,266,150,264,154,264,156,267,160,267,164,266,166,272,166,272,167,274,167,282,174,285,175,285,173,288,171,289,170,291,170,296,166,296,164,296,162,297,161,297,160,300,157,301,156,304,156,306,152,308,151,307,150,311,147,311,145,313,143,314,144,319,144,320,143,319,143,319,140,315,135,315,134,314,132,315,124,313,123,312,122,313,121,304,113,305,111,302,109,300,108,299,107,299,105,298,105,297,108,296,111,293,110,293,109,289,109,288,111,292,111,294,112,294,113,296,115,296,119,296,120,297,123,296,125,295,131,294,134,292,134,292,135,291,135,289,133,288,132,285,132,284,131,278,132,277,130,274,130,273,131,270,131" href="#" alt="" >
seu-27
<area shape="poly" coords="317,124,317,133,317,133,318,135,318,136,320,140,320,141,321,143,325,142,326,144,328,144,330,145,331,146,332,147,332,149,333,149,337,152,339,152,342,154,342,156,342,157,344,157,345,159,346,161,347,162,346,163,347,165,348,165,350,164,350,161,347,159,348,158,349,157,350,157,351,158,354,158,354,157,352,154,350,154,349,153,348,153,347,152,345,152,339,147,341,145,340,144,344,140,346,141,348,143,349,144,349,145,351,146,355,147,357,148,358,149,358,152,360,154,360,156,366,160,365,163,367,165,366,166,366,167,368,168,368,167,370,168,371,167,371,165,369,164,371,163,372,162,370,161,369,159,368,158,367,158,369,155,371,156,371,157,372,157,372,154,376,150,378,150,378,151,382,150,382,149,384,150,385,150,384,148,383,148,383,140,385,138,387,138,387,137,389,138,390,137,390,135,390,135,390,133,395,129,396,129,396,129,397,129,397,127,400,126,400,114,396,110,396,109,394,107,393,105,391,104,390,103,388,107,387,107,386,108,383,108,381,109,378,109,376,111,374,112,373,114,370,114,367,115,366,116,360,116,356,117,354,119,347,119,337,120,335,123,334,122,333,125,328,124,327,123,321,124,317,124" href="#" alt="" >
neu-28
<area shape="poly" coords="317,94,316,96,314,96,314,97,311,100,310,102,308,105,305,105,305,106,304,107,307,111,307,114,315,122,315,123,316,124,317,123,321,123,322,121,328,121,329,123,332,123,334,121,336,121,338,118,346,118,348,117,354,117,355,116,356,117,356,116,359,115,359,115,365,115,368,113,370,113,372,112,374,109,376,110,378,109,379,108,380,108,383,107,383,106,385,106,388,105,390,103,386,100,382,96,381,95,380,94,380,92,380,91,380,90,378,89,379,88,377,87,378,85,376,84,377,82,373,79,374,77,373,77,372,75,369,72,369,72,366,69,365,70,362,70,360,72,360,74,361,74,364,76,364,76,361,78,360,77,359,77,357,80,357,82,356,90,354,91,351,92,350,91,348,90,344,91,343,91,338,90,337,91,337,90,334,91,333,91,332,91,330,89,331,89,330,88,330,87,332,85,332,83,330,82,332,82,332,78,328,82,328,82,327,83,327,87,328,87,328,88,327,89,327,92,324,95,317,94" href="#" alt="" >
ont-29
<area shape="poly" coords="106,82,105,130,156,129,158,131,159,128,161,128,162,130,164,130,164,129,165,130,167,129,168,131,168,135,169,136,171,136,171,137,173,137,177,139,176,141,176,142,174,142,175,145,176,145,177,144,180,144,180,142,180,117,177,116,175,114,174,112,174,109,171,107,171,106,168,106,166,105,164,104,159,100,159,98,158,99,157,98,153,96,153,93,152,92,152,88,154,87,153,86,158,83,158,81,157,81,156,82,106,82" href="#" alt="" >
eus-30
<area shape="poly" coords="132,131,132,163,123,163,122,192,121,193,121,195,122,196,123,195,125,198,127,198,127,198,130,199,130,197,129,196,129,195,130,192,133,192,133,191,137,187,139,187,141,186,143,186,143,185,147,185,148,186,150,186,150,185,153,184,154,187,157,184,162,183,163,185,166,185,169,188,170,193,171,195,171,198,173,198,173,197,174,194,175,192,174,192,174,191,173,180,176,178,176,176,177,175,178,175,180,172,182,169,181,168,182,168,182,166,184,163,185,162,186,160,188,160,187,159,190,156,192,156,193,156,195,155,194,154,193,150,196,147,196,148,198,147,200,146,202,144,199,142,200,140,199,140,199,137,194,143,190,143,185,146,184,147,182,149,182,149,180,147,177,148,176,146,175,146,174,148,172,147,171,145,170,143,169,140,168,140,167,142,167,143,164,145,161,144,162,142,163,140,167,136,165,135,164,137,163,136,162,135,159,134,157,133,156,132,132,131" href="#" alt="" >
cam-31
<area shape="poly" coords="91,180,92,182,93,187,96,190,97,192,98,194,99,199,100,201,103,204,104,206,105,208,106,204,105,201,103,197,103,197,101,194,100,193,100,191,98,189,98,188,101,185,102,187,102,189,105,190,105,193,107,196,108,199,108,202,109,203,111,209,112,212,112,214,115,216,115,220,117,220,118,223,118,225,121,226,122,229,120,232,128,232,128,233,131,234,135,235,139,234,140,233,146,233,146,234,148,236,150,236,154,241,156,242,158,244,162,245,163,246,166,245,167,245,169,244,172,243,172,241,171,241,169,240,167,238,167,236,162,236,160,235,155,234,152,231,153,231,154,227,158,222,158,219,157,217,153,217,153,219,151,221,149,222,148,217,146,218,145,220,135,217,132,215,133,212,146,212,146,209,145,208,137,208,134,205,132,203,131,200,131,201,128,200,125,199,124,197,123,197,120,195,121,193,120,190,117,190,112,186,112,184,110,182,101,180,91,180" href="#" alt="" >
gre-32
<area shape="poly" coords="176,0,236,0,237,7,235,9,235,10,233,11,233,15,233,16,233,19,233,20,234,22,235,22,231,26,232,27,229,28,227,30,226,39,228,38,228,41,227,41,226,45,225,47,223,47,221,44,211,45,209,42,209,41,209,40,208,36,207,36,207,34,205,33,203,31,203,32,202,31,202,29,201,28,195,23,194,23,193,21,192,21,191,20,183,20,179,17,178,13,180,14,180,12,180,11,181,7,180,6,179,5,179,4,176,1,176,28,177,28,177,29,178,28,179,29,179,29,180,31,180,32,181,33,182,33,182,36,185,35,186,36,187,36,188,37,190,37,190,38,192,38,192,40,195,39,197,42,198,42,198,42,199,44,200,45,200,45,203,49,203,52,206,54,207,55,210,59,211,58,214,60,214,61,216,64,216,66,216,67,217,70,217,70,218,79,218,79,218,80,220,80,222,81,221,83,219,83,217,81,216,81,212,76,210,76,211,75,208,74,208,73,208,72,209,72,209,72,210,73,214,72,214,68,213,67,214,66,212,67,211,65,210,66,210,65,205,65,205,63,204,63,203,63,200,62,201,62,198,61,197,60,196,60,196,59,195,59,194,58,192,56,191,51,190,52,191,44,189,42,186,43,185,41,185,38,180,38,178,36,178,34,176,34,177,32,175,31,175,59,178,59,178,57,178,57,179,56,181,54,181,54,184,56,186,56,184,58,183,57,183,60,182,60,182,62,178,64,176,64,175,67,173,65,167,66,167,70,169,70,169,72,168,72,168,72,163,73,163,74,162,75,160,75,159,76,157,75,158,80,155,80,155,80,149,81,148,61,148,60,148,57,149,57,150,59,156,59,156,60,158,60,163,56,162,54,160,52,158,52,157,54,155,54,154,53,153,53,156,51,157,50,157,51,161,51,161,47,160,46,161,43,161,43,162,43,164,42,165,43,166,44,165,46,165,46,165,50,165,50,165,51,167,51,167,56,168,57,172,58,172,56,173,55,173,55,173,56,173,59,175,60,176,30,176,29,176,0" href="#" >
wus-33
<area shape="poly" coords="79,131,77,133,77,134,75,136,76,147,76,147,77,151,76,153,76,156,76,157,76,159,78,163,79,164,80,164,81,166,80,167,80,168,81,171,84,173,84,173,85,173,88,177,88,178,89,179,100,179,102,179,108,180,112,183,112,184,116,188,118,188,120,190,121,191,121,161,131,161,131,131,79,131" href="#" alt="" >
alb-34
<area shape="poly" coords="57,74,57,76,57,78,57,86,57,88,59,88,62,91,61,92,63,95,64,97,63,97,65,100,66,101,64,102,64,103,64,105,65,104,69,109,70,110,71,110,71,111,73,114,73,116,75,118,75,119,75,121,76,123,77,125,77,126,78,128,78,128,80,130,104,130,104,82,102,82,101,81,98,81,97,79,91,79,89,78,86,78,86,77,72,77,69,75,57,74" href="#" alt="" >
nwt-35
<area shape="poly" coords="70,37,76,42,76,43,79,47,82,46,82,48,85,48,85,46,88,46,89,45,93,45,95,44,98,44,99,43,100,42,100,41,106,42,107,40,107,39,108,38,109,37,108,36,109,35,111,34,114,31,112,29,111,30,111,28,108,29,105,26,105,24,104,24,104,22,103,22,103,19,104,18,107,18,107,19,108,20,109,20,116,20,118,22,118,23,118,25,120,28,121,26,122,26,121,28,120,28,122,31,128,31,131,27,131,20,130,19,132,19,133,19,136,19,138,21,139,22,142,23,145,23,145,26,143,28,143,31,142,32,140,32,138,33,138,36,137,37,138,37,139,39,142,39,144,40,144,42,141,45,142,46,139,49,135,48,134,48,133,47,127,42,127,41,125,40,124,40,123,40,122,40,119,41,119,42,116,42,114,40,113,39,110,43,109,47,110,48,113,50,114,50,115,52,119,51,120,50,122,50,123,51,124,50,127,53,128,53,132,55,133,55,136,56,138,57,140,57,142,58,144,59,146,59,146,61,146,61,147,80,102,81,101,80,99,80,96,77,90,78,89,77,87,77,85,76,72,76,70,73,58,73,58,72,69,41,70,39,70,37" href="#" alt="" >
Ala-36
<area shape="poly" coords="29,31,34,30,35,31,37,32,38,33,38,33,40,34,41,36,51,35,52,35,60,34,60,35,62,36,62,36,69,36,68,39,68,39,67,42,66,42,66,43,65,44,65,46,64,47,65,49,63,50,63,51,63,53,62,55,61,56,61,59,60,61,61,63,59,64,60,66,59,66,59,68,57,70,56,73,55,77,54,77,54,86,56,87,57,90,59,89,60,91,60,93,61,94,60,95,62,96,61,98,63,99,64,100,64,101,63,102,63,103,61,103,59,102,59,99,59,99,57,96,58,95,55,93,52,93,52,90,49,87,49,87,48,88,47,88,45,89,43,88,37,87,36,87,35,89,36,91,34,92,34,94,33,93,32,93,30,90,26,95,26,95,23,96,20,97,19,98,15,98,14,99,11,98,10,97,12,96,14,96,14,94,16,95,18,94,19,94,21,91,21,89,18,86,17,87,15,85,14,85,14,83,15,83,12,79,11,80,12,78,15,77,16,76,17,76,18,75,21,74,22,72,21,72,21,71,17,66,18,65,19,65,20,64,22,65,23,65,24,65,25,65,26,64,25,63,26,61,26,60,23,59,24,56,27,57,28,56,28,55,28,53,28,51,29,50,29,48,30,47,29,45,34,41,33,39,33,38,31,38,31,36,30,35,29,34,29,33,29,32,29,31" href="#" alt="" >
que-37
<area shape="poly" coords="192,73,190,74,190,76,189,76,189,78,190,78,189,79,189,82,187,84,186,85,186,87,188,87,187,88,186,92,184,94,185,96,185,98,186,98,185,99,186,100,185,101,185,102,181,105,181,106,182,108,181,108,180,110,181,112,181,114,182,115,181,115,181,142,182,144,183,143,185,143,186,141,188,142,189,141,193,141,199,135,200,137,201,137,201,140,201,141,202,142,202,143,204,140,206,141,207,143,207,143,208,142,210,143,214,139,219,139,220,138,220,136,219,135,217,134,216,135,214,136,213,137,211,136,212,134,211,132,209,132,209,133,206,133,203,132,205,129,208,129,209,129,211,128,215,124,217,123,219,126,219,129,221,130,222,130,223,130,226,134,229,133,231,132,232,134,234,134,233,133,233,131,232,131,229,130,230,128,226,124,225,122,228,120,227,119,225,117,226,112,224,111,223,111,221,108,220,107,219,106,220,105,217,101,217,98,216,97,215,95,217,95,216,92,214,89,210,89,210,91,209,92,210,94,207,96,207,97,204,98,200,95,200,93,199,92,199,90,201,88,200,85,199,85,199,84,201,83,200,81,195,79,193,77,194,75,192,73" href="#" alt="" >
arg-38
<area shape="poly" coords="183,331,182,338,181,346,181,349,183,349,183,351,181,352,181,356,183,356,183,363,181,364,181,367,178,370,179,374,182,376,183,376,182,379,181,379,181,383,182,396,184,406,184,409,187,409,187,412,188,412,189,410,191,411,192,412,196,413,195,410,193,409,191,409,189,406,191,405,190,403,190,402,190,402,192,398,193,397,193,390,194,385,197,382,197,379,195,378,197,377,197,375,201,374,202,372,204,372,205,370,208,369,209,366,209,363,207,362,208,361,208,359,209,359,212,359,212,360,214,359,215,359,217,357,219,357,221,355,221,353,222,351,223,350,227,349,227,343,228,339,218,338,217,335,215,334,214,334,210,330,208,330,208,326,206,324,202,324,201,325,199,326,196,328,194,330,194,330,191,330,190,329,187,330,185,330,183,331" href="#" alt="" >
ven-39
<area shape="poly" coords="162,247,161,249,162,255,163,257,162,258,164,258,163,259,164,260,164,264,162,266,163,267,162,268,161,270,158,274,156,274,155,275,153,276,152,276,153,282,156,280,160,280,163,282,166,283,167,284,168,283,168,283,171,283,172,284,176,284,176,282,178,282,179,280,180,275,181,274,180,273,179,271,182,267,189,268,190,268,191,267,194,267,195,266,199,267,200,266,205,265,206,265,208,265,208,263,210,263,212,263,212,262,212,260,213,258,210,257,210,257,209,257,206,254,206,251,206,250,201,250,201,249,198,249,197,248,197,246,195,244,193,245,193,246,187,245,187,245,186,245,183,247,182,247,180,245,180,245,180,242,179,241,179,242,176,244,175,243,175,242,173,242,173,243,171,244,169,244,167,246,166,246,165,248,162,247" href="#" alt="" >
bra-40
<area shape="poly" coords="182,269,181,270,181,272,182,274,181,275,182,280,178,285,176,285,175,286,173,285,173,288,171,289,171,291,173,292,172,295,173,297,174,296,176,298,176,299,179,300,181,301,181,300,183,300,184,299,186,299,188,298,189,297,190,297,191,299,192,299,194,301,195,302,195,303,195,303,196,304,197,305,199,305,201,307,201,307,204,311,205,311,206,314,206,314,208,317,209,322,208,323,208,326,209,327,209,329,210,329,214,332,215,333,217,336,217,338,228,337,228,338,230,339,234,335,235,335,240,330,241,331,241,330,243,329,243,328,244,329,245,325,247,322,247,315,249,313,249,311,250,311,249,309,250,308,251,305,253,302,254,302,254,299,256,299,256,296,254,296,255,294,255,290,255,290,254,289,253,288,253,286,250,282,249,281,247,281,244,279,241,279,239,278,240,276,237,274,233,274,229,271,230,270,227,267,227,265,224,263,223,263,220,260,217,260,217,259,215,259,215,260,214,261,214,262,210,265,209,265,205,267,201,267,200,268,196,268,195,269,191,270,191,271,189,269,182,269" href="#" alt="" >
per-41
<area shape="poly" coords="153,285,153,286,153,289,155,289,157,291,157,292,159,293,158,296,163,300,162,300,164,301,163,304,165,304,166,306,166,307,167,309,167,312,170,313,173,314,172,316,174,317,177,318,180,319,180,320,181,324,181,325,183,326,182,328,182,329,181,331,183,329,185,329,186,327,190,327,190,328,192,328,193,328,194,328,197,324,199,324,202,323,206,322,206,316,204,314,204,313,202,311,203,310,199,307,199,306,198,306,197,305,193,303,193,302,193,302,193,300,192,300,189,298,188,299,187,299,187,299,185,300,183,300,182,301,182,301,181,302,179,301,177,302,175,300,174,298,173,298,170,295,171,292,170,291,169,289,170,289,170,286,171,285,168,284,168,285,166,285,165,284,164,284,160,281,156,281,153,285" href="#" alt="" >